7.744747170000000000e+08
0.000000000000000000e+00
0.000000000000000000e+00
0.000000000000000000e+00
0.000000000000000000e+00
0.000000000000000000e+00
6.955529700000000000e+07
0.000000000000000000e+00
5.360000000000000000e+02
2.505742000000000000e+07
0.000000000000000000e+00
7.020000000000000000e+02
2.252902900000000000e+07
0.000000000000000000e+00
0.000000000000000000e+00
2.323482500000000000e+07
0.000000000000000000e+00
0.000000000000000000e+00
2.552070900000000000e+07
0.000000000000000000e+00
0.000000000000000000e+00
1.119263400000000000e+07
0.000000000000000000e+00
2.000000000000000000e+02
7.353580000000000000e+06
0.000000000000000000e+00
0.000000000000000000e+00
2.938689000000000000e+06
0.000000000000000000e+00
0.000000000000000000e+00
2.957830000000000000e+06
0.000000000000000000e+00
1.180000000000000000e+02
1.528008000000000000e+06
0.000000000000000000e+00
0.000000000000000000e+00
1.985459000000000000e+06
0.000000000000000000e+00
0.000000000000000000e+00
9.397430000000000000e+05
0.000000000000000000e+00
0.000000000000000000e+00
1.012369000000000000e+06
0.000000000000000000e+00
2.190000000000000000e+02
1.518544000000000000e+06
0.000000000000000000e+00
1.941000000000000000e+03
1.041649000000000000e+06
0.000000000000000000e+00
0.000000000000000000e+00
6.258870000000000000e+05
0.000000000000000000e+00
3.940000000000000000e+02
1.387857000000000000e+06
0.000000000000000000e+00
0.000000000000000000e+00
3.770220000000000000e+05
0.000000000000000000e+00
0.000000000000000000e+00
2.383534000000000000e+06
0.000000000000000000e+00
0.000000000000000000e+00
5.078860000000000000e+05
0.000000000000000000e+00
0.000000000000000000e+00
5.589820000000000000e+05
0.000000000000000000e+00
3.250000000000000000e+02
3.346880000000000000e+05
0.000000000000000000e+00
0.000000000000000000e+00
5.136680000000000000e+05
0.000000000000000000e+00
0.000000000000000000e+00
7.036530000000000000e+05
0.000000000000000000e+00
0.000000000000000000e+00
4.592150000000000000e+05
0.000000000000000000e+00
0.000000000000000000e+00
3.222890000000000000e+05
0.000000000000000000e+00
0.000000000000000000e+00
4.327780000000000000e+05
0.000000000000000000e+00
1.570000000000000000e+02
1.520730000000000000e+05
0.000000000000000000e+00
0.000000000000000000e+00
8.128280000000000000e+05
0.000000000000000000e+00
0.000000000000000000e+00
6.932100000000000000e+04
0.000000000000000000e+00
0.000000000000000000e+00
1.619360000000000000e+05
0.000000000000000000e+00
8.480000000000000000e+02
1.168290000000000000e+05
0.000000000000000000e+00
5.330000000000000000e+02
3.433300000000000000e+04
0.000000000000000000e+00
0.000000000000000000e+00
6.261000000000000000e+04
0.000000000000000000e+00
0.000000000000000000e+00
2.207500000000000000e+04
0.000000000000000000e+00
0.000000000000000000e+00
1.249100000000000000e+04
0.000000000000000000e+00
0.000000000000000000e+00
1.870900000000000000e+04
0.000000000000000000e+00
0.000000000000000000e+00
1.226700000000000000e+04
0.000000000000000000e+00
0.000000000000000000e+00
3.757200000000000000e+04
0.000000000000000000e+00
0.000000000000000000e+00
4.964000000000000000e+03
0.000000000000000000e+00
0.000000000000000000e+00
7.637000000000000000e+03
0.000000000000000000e+00
0.000000000000000000e+00
3.812000000000000000e+03
0.000000000000000000e+00
0.000000000000000000e+00
2.588000000000000000e+03
0.000000000000000000e+00
0.000000000000000000e+00
9.690000000000000000e+03
0.000000000000000000e+00
0.000000000000000000e+00
1.571000000000000000e+03
0.000000000000000000e+00
0.000000000000000000e+00
2.066000000000000000e+03
0.000000000000000000e+00
0.000000000000000000e+00
3.188000000000000000e+03
0.000000000000000000e+00
0.000000000000000000e+00
1.853000000000000000e+03
0.000000000000000000e+00
0.000000000000000000e+00
1.106600000000000000e+04
0.000000000000000000e+00
0.000000000000000000e+00
3.208000000000000000e+03
0.000000000000000000e+00
0.000000000000000000e+00
1.634000000000000000e+03
0.000000000000000000e+00
0.000000000000000000e+00
2.935000000000000000e+03
0.000000000000000000e+00
4.790000000000000000e+02
1.385000000000000000e+03
0.000000000000000000e+00
0.000000000000000000e+00
3.049000000000000000e+03
0.000000000000000000e+00
0.000000000000000000e+00
9.270000000000000000e+02
0.000000000000000000e+00
0.000000000000000000e+00
2.530000000000000000e+02
0.000000000000000000e+00
0.000000000000000000e+00
6.960000000000000000e+02
0.000000000000000000e+00
0.000000000000000000e+00
7.340000000000000000e+02
0.000000000000000000e+00
0.000000000000000000e+00
2.055000000000000000e+03
0.000000000000000000e+00
0.000000000000000000e+00
7.760000000000000000e+02
0.000000000000000000e+00
0.000000000000000000e+00
5.730000000000000000e+02
0.000000000000000000e+00
0.000000000000000000e+00
1.248000000000000000e+03
0.000000000000000000e+00
0.000000000000000000e+00
1.010000000000000000e+02
0.000000000000000000e+00
0.000000000000000000e+00
5.340000000000000000e+02
0.000000000000000000e+00
0.000000000000000000e+00
3.360000000000000000e+02
0.000000000000000000e+00
0.000000000000000000e+00
0.000000000000000000e+00
0.000000000000000000e+00
0.000000000000000000e+00
7.230000000000000000e+02
0.000000000000000000e+00
0.000000000000000000e+00
0.000000000000000000e+00
0.000000000000000000e+00
0.000000000000000000e+00
1.011000000000000000e+03
0.000000000000000000e+00
0.000000000000000000e+00
3.910000000000000000e+02
0.000000000000000000e+00
0.000000000000000000e+00
0.000000000000000000e+00
0.000000000000000000e+00
3.800000000000000000e+01
2.500000000000000000e+01
0.000000000000000000e+00
0.000000000000000000e+00
5.510000000000000000e+02
0.000000000000000000e+00
0.000000000000000000e+00
0.000000000000000000e+00
0.000000000000000000e+00
0.000000000000000000e+00
3.160000000000000000e+02
0.000000000000000000e+00
0.000000000000000000e+00
0.000000000000000000e+00
0.000000000000000000e+00
0.000000000000000000e+00
7.200000000000000000e+01
0.000000000000000000e+00
0.000000000000000000e+00
0.000000000000000000e+00
0.000000000000000000e+00
0.000000000000000000e+00
0.000000000000000000e+00
0.000000000000000000e+00
0.000000000000000000e+00
0.000000000000000000e+00
0.000000000000000000e+00
0.000000000000000000e+00
0.000000000000000000e+00
0.000000000000000000e+00
0.000000000000000000e+00
1.820000000000000000e+02
0.000000000000000000e+00
0.000000000000000000e+00
3.550000000000000000e+02
0.000000000000000000e+00
0.000000000000000000e+00
0.000000000000000000e+00
