8.280128410000000000e+08
7.897430000000000000e+05
1.176008600000000000e+07
8.911471000000000000e+06
9.763394000000000000e+06
1.918349300000000000e+07
1.268093000000000000e+07
1.735353400000000000e+07
1.065184600000000000e+07
8.366004000000000000e+06
9.656733000000000000e+06
5.413036000000000000e+06
7.154204000000000000e+06
4.118426000000000000e+06
3.406721000000000000e+06
5.048212000000000000e+06
2.763241000000000000e+06
3.633323000000000000e+06
1.779532000000000000e+06
1.424558000000000000e+06
2.060573000000000000e+06
9.879360000000000000e+05
1.542384000000000000e+06
6.924700000000000000e+05
5.871350000000000000e+05
9.543440000000000000e+05
4.016220000000000000e+05
6.945320000000000000e+05
2.917450000000000000e+05
2.476170000000000000e+05
4.524260000000000000e+05
2.224480000000000000e+05
3.132190000000000000e+05
1.971990000000000000e+05
1.572270000000000000e+05
1.837530000000000000e+05
1.004040000000000000e+05
1.154060000000000000e+05
5.327800000000000000e+04
8.746400000000000000e+04
8.161400000000000000e+04
3.323500000000000000e+04
6.494100000000000000e+04
3.511400000000000000e+04
2.800500000000000000e+04
4.532400000000000000e+04
1.750500000000000000e+04
3.724700000000000000e+04
1.949500000000000000e+04
1.234200000000000000e+04
1.924500000000000000e+04
1.104100000000000000e+04
2.919800000000000000e+04
1.159800000000000000e+04
1.001800000000000000e+04
1.368700000000000000e+04
2.071700000000000000e+04
1.686900000000000000e+04
8.096000000000000000e+03
3.728000000000000000e+03
1.127700000000000000e+04
8.999000000000000000e+03
1.209000000000000000e+04
3.701000000000000000e+03
2.534000000000000000e+03
7.055000000000000000e+03
6.293000000000000000e+03
2.219000000000000000e+03
6.503000000000000000e+03
3.622000000000000000e+03
2.316000000000000000e+03
1.663000000000000000e+03
2.453000000000000000e+03
3.061000000000000000e+03
9.600000000000000000e+02
2.077000000000000000e+03
3.658000000000000000e+03
3.011000000000000000e+03
9.470000000000000000e+02
2.060000000000000000e+03
1.272000000000000000e+03
1.624000000000000000e+03
2.135000000000000000e+03
5.750000000000000000e+02
4.490000000000000000e+02
3.800000000000000000e+02
1.467000000000000000e+03
1.183000000000000000e+03
7.567000000000000000e+03
4.050000000000000000e+02
1.838000000000000000e+03
2.221600000000000000e+04
4.400000000000000000e+02
1.906000000000000000e+03
1.037000000000000000e+03
3.340000000000000000e+02
1.000000000000000000e+02
7.340000000000000000e+02
4.781000000000000000e+03
1.360000000000000000e+02
2.520000000000000000e+02
6.200000000000000000e+01
4.020000000000000000e+02
7.960000000000000000e+02
1.780000000000000000e+02
9.100000000000000000e+02
0.000000000000000000e+00
1.229000000000000000e+03
2.130000000000000000e+02
5.720000000000000000e+02
0.000000000000000000e+00
5.900000000000000000e+01
4.310000000000000000e+02
0.000000000000000000e+00
7.020000000000000000e+02
9.400000000000000000e+02
2.116000000000000000e+03
0.000000000000000000e+00
1.570000000000000000e+02
9.400000000000000000e+01
1.690000000000000000e+02
0.000000000000000000e+00
0.000000000000000000e+00
0.000000000000000000e+00
0.000000000000000000e+00
5.030000000000000000e+02
4.340000000000000000e+02
0.000000000000000000e+00
0.000000000000000000e+00
0.000000000000000000e+00
1.930000000000000000e+02
0.000000000000000000e+00
0.000000000000000000e+00
2.530000000000000000e+02
0.000000000000000000e+00
0.000000000000000000e+00
4.800000000000000000e+02
0.000000000000000000e+00
0.000000000000000000e+00
0.000000000000000000e+00
0.000000000000000000e+00
0.000000000000000000e+00
2.500000000000000000e+02
2.490000000000000000e+02
0.000000000000000000e+00
2.700000000000000000e+01
0.000000000000000000e+00
0.000000000000000000e+00
0.000000000000000000e+00
0.000000000000000000e+00
3.700000000000000000e+01
0.000000000000000000e+00
3.900000000000000000e+01
3.450000000000000000e+02
2.340000000000000000e+02
1.470000000000000000e+02
0.000000000000000000e+00
0.000000000000000000e+00
0.000000000000000000e+00
0.000000000000000000e+00
0.000000000000000000e+00
0.000000000000000000e+00
0.000000000000000000e+00
0.000000000000000000e+00
0.000000000000000000e+00
0.000000000000000000e+00
3.710000000000000000e+02
0.000000000000000000e+00
0.000000000000000000e+00
0.000000000000000000e+00
2.600000000000000000e+02
0.000000000000000000e+00
0.000000000000000000e+00
0.000000000000000000e+00
3.200000000000000000e+01
0.000000000000000000e+00
0.000000000000000000e+00
0.000000000000000000e+00
0.000000000000000000e+00
3.200000000000000000e+01
4.300000000000000000e+01
0.000000000000000000e+00
0.000000000000000000e+00
0.000000000000000000e+00
0.000000000000000000e+00
0.000000000000000000e+00
0.000000000000000000e+00
0.000000000000000000e+00
0.000000000000000000e+00
0.000000000000000000e+00
0.000000000000000000e+00
0.000000000000000000e+00
0.000000000000000000e+00
0.000000000000000000e+00
0.000000000000000000e+00
0.000000000000000000e+00
0.000000000000000000e+00
2.800000000000000000e+01
0.000000000000000000e+00
2.800000000000000000e+01
0.000000000000000000e+00
0.000000000000000000e+00
0.000000000000000000e+00
0.000000000000000000e+00
0.000000000000000000e+00
0.000000000000000000e+00
0.000000000000000000e+00
0.000000000000000000e+00
0.000000000000000000e+00
0.000000000000000000e+00
0.000000000000000000e+00
0.000000000000000000e+00
0.000000000000000000e+00
0.000000000000000000e+00
0.000000000000000000e+00
0.000000000000000000e+00
0.000000000000000000e+00
0.000000000000000000e+00
0.000000000000000000e+00
0.000000000000000000e+00
0.000000000000000000e+00
0.000000000000000000e+00
0.000000000000000000e+00
0.000000000000000000e+00
0.000000000000000000e+00
0.000000000000000000e+00
0.000000000000000000e+00
0.000000000000000000e+00
0.000000000000000000e+00
0.000000000000000000e+00
2.970000000000000000e+02
0.000000000000000000e+00
0.000000000000000000e+00
0.000000000000000000e+00
0.000000000000000000e+00
0.000000000000000000e+00
0.000000000000000000e+00
0.000000000000000000e+00
0.000000000000000000e+00
0.000000000000000000e+00
1.640000000000000000e+02
0.000000000000000000e+00
0.000000000000000000e+00
0.000000000000000000e+00
0.000000000000000000e+00
0.000000000000000000e+00
0.000000000000000000e+00
0.000000000000000000e+00
0.000000000000000000e+00
9.000000000000000000e+01
5.245000000000000000e+03
0.000000000000000000e+00
2.400000000000000000e+01
0.000000000000000000e+00
0.000000000000000000e+00
1.503060000000000000e+05
