2.431646563000000000e+09
7.897430000000000000e+05
1.176008600000000000e+07
8.917090000000000000e+06
9.767828000000000000e+06
1.949010800000000000e+07
8.373761100000000000e+07
2.001168000000000000e+07
1.584210800000000000e+07
4.435168600000000000e+07
3.014280500000000000e+07
2.747160800000000000e+07
4.974188200000000000e+07
2.012321100000000000e+07
1.638144000000000000e+07
3.797289100000000000e+07
9.622400000000000000e+06
8.684997000000000000e+06
3.101832400000000000e+07
4.067336000000000000e+06
4.101549000000000000e+06
1.376039200000000000e+07
2.752305000000000000e+06
1.618592000000000000e+06
8.646228000000000000e+06
1.588871000000000000e+06
9.416990000000000000e+05
4.016097000000000000e+06
6.659760000000000000e+05
5.841510000000000000e+05
3.702377000000000000e+06
4.693640000000000000e+05
5.669400000000000000e+05
1.928865000000000000e+06
3.922890000000000000e+05
3.669900000000000000e+05
2.228946000000000000e+06
2.385350000000000000e+05
1.885780000000000000e+05
1.168300000000000000e+06
2.104800000000000000e+05
1.454520000000000000e+05
1.205501000000000000e+06
1.248940000000000000e+05
1.504740000000000000e+05
1.674074000000000000e+06
1.037710000000000000e+05
1.699850000000000000e+05
1.130743000000000000e+06
1.116930000000000000e+05
9.053300000000000000e+04
7.003680000000000000e+05
7.464100000000000000e+04
8.619400000000000000e+04
1.466792000000000000e+06
6.851700000000000000e+04
6.650200000000000000e+04
4.539760000000000000e+05
7.185300000000000000e+04
4.500100000000000000e+04
2.454084000000000000e+06
4.258000000000000000e+04
5.983000000000000000e+04
5.499150000000000000e+05
4.649700000000000000e+04
4.386700000000000000e+04
5.986700000000000000e+05
2.906100000000000000e+04
4.302900000000000000e+04
3.656000000000000000e+05
3.833700000000000000e+04
3.871900000000000000e+04
5.431240000000000000e+05
2.691500000000000000e+04
1.564100000000000000e+04
7.305130000000000000e+05
2.173900000000000000e+04
2.808900000000000000e+04
4.787420000000000000e+05
2.048900000000000000e+04
1.278100000000000000e+04
3.527810000000000000e+05
1.243800000000000000e+04
1.167200000000000000e+04
4.693080000000000000e+05
2.664900000000000000e+04
1.500400000000000000e+04
1.662510000000000000e+05
1.885200000000000000e+04
1.359400000000000000e+04
8.346650000000000000e+05
4.081500000000000000e+04
1.704200000000000000e+04
8.018300000000000000e+04
9.209000000000000000e+03
1.263100000000000000e+04
1.678650000000000000e+05
1.061500000000000000e+04
3.204500000000000000e+04
1.229410000000000000e+05
9.104000000000000000e+03
7.670000000000000000e+03
4.327700000000000000e+04
7.709000000000000000e+03
1.433900000000000000e+04
7.102300000000000000e+04
4.058000000000000000e+03
4.824000000000000000e+03
3.114200000000000000e+04
5.496000000000000000e+03
1.033900000000000000e+04
2.551900000000000000e+04
8.341000000000000000e+03
6.687000000000000000e+03
2.352200000000000000e+04
1.594600000000000000e+04
5.844000000000000000e+03
2.012500000000000000e+04
2.873000000000000000e+03
2.899000000000000000e+03
4.411000000000000000e+04
6.442000000000000000e+03
2.924000000000000000e+03
9.030000000000000000e+03
4.790000000000000000e+03
6.111000000000000000e+03
1.823700000000000000e+04
7.116000000000000000e+03
5.336000000000000000e+03
8.546000000000000000e+03
7.465000000000000000e+03
9.722000000000000000e+03
6.678000000000000000e+03
3.476000000000000000e+03
3.805000000000000000e+03
1.785400000000000000e+04
8.412000000000000000e+03
1.532800000000000000e+04
8.870000000000000000e+03
3.380000000000000000e+03
7.243000000000000000e+03
3.521000000000000000e+03
1.815000000000000000e+03
4.381000000000000000e+03
7.961000000000000000e+03
4.114000000000000000e+03
1.594000000000000000e+03
5.719000000000000000e+03
2.440000000000000000e+02
1.279000000000000000e+03
1.338800000000000000e+04
1.771000000000000000e+03
3.133000000000000000e+03
6.259000000000000000e+03
2.589000000000000000e+03
4.497000000000000000e+03
3.352000000000000000e+03
3.490000000000000000e+03
3.568000000000000000e+03
7.032000000000000000e+03
4.114000000000000000e+03
2.849000000000000000e+03
1.748000000000000000e+03
1.794000000000000000e+03
4.540000000000000000e+03
7.211000000000000000e+03
2.125000000000000000e+03
1.436000000000000000e+03
2.559000000000000000e+03
6.750000000000000000e+02
1.969000000000000000e+03
2.352000000000000000e+03
1.460000000000000000e+02
6.015000000000000000e+03
1.217000000000000000e+03
3.854000000000000000e+03
0.000000000000000000e+00
2.792000000000000000e+03
1.695000000000000000e+03
3.457000000000000000e+03
2.405000000000000000e+03
9.960000000000000000e+02
5.420000000000000000e+02
1.243000000000000000e+03
2.001000000000000000e+03
1.591000000000000000e+03
1.085000000000000000e+03
8.540000000000000000e+02
9.670000000000000000e+02
2.293000000000000000e+03
1.117000000000000000e+03
2.000000000000000000e+00
2.299000000000000000e+03
2.286000000000000000e+03
0.000000000000000000e+00
1.265000000000000000e+03
1.402000000000000000e+03
2.800000000000000000e+01
1.326000000000000000e+03
2.800000000000000000e+01
7.050000000000000000e+02
1.832000000000000000e+03
1.025000000000000000e+03
7.530000000000000000e+02
1.006000000000000000e+03
1.315000000000000000e+03
1.429000000000000000e+03
3.700000000000000000e+02
1.923000000000000000e+03
1.360000000000000000e+02
1.011000000000000000e+03
1.850000000000000000e+02
1.190000000000000000e+02
6.690000000000000000e+02
0.000000000000000000e+00
3.090000000000000000e+02
5.200000000000000000e+02
1.087000000000000000e+03
1.143000000000000000e+03
2.500000000000000000e+01
1.920000000000000000e+03
4.010000000000000000e+02
5.510000000000000000e+02
9.890000000000000000e+02
1.883000000000000000e+03
0.000000000000000000e+00
2.181000000000000000e+03
0.000000000000000000e+00
7.491000000000000000e+03
1.439000000000000000e+03
2.107000000000000000e+03
1.206000000000000000e+03
1.143700000000000000e+04
0.000000000000000000e+00
7.200000000000000000e+01
1.023000000000000000e+03
0.000000000000000000e+00
9.300000000000000000e+02
0.000000000000000000e+00
8.210000000000000000e+02
3.440000000000000000e+02
0.000000000000000000e+00
5.550000000000000000e+02
0.000000000000000000e+00
0.000000000000000000e+00
0.000000000000000000e+00
7.060000000000000000e+02
1.134000000000000000e+03
0.000000000000000000e+00
2.720000000000000000e+02
6.381000000000000000e+03
0.000000000000000000e+00
5.710000000000000000e+02
0.000000000000000000e+00
3.870000000000000000e+02
1.553730000000000000e+05
