8.291590050000000000e+08
0.000000000000000000e+00
0.000000000000000000e+00
5.619000000000000000e+03
4.434000000000000000e+03
3.066150000000000000e+05
1.501384000000000000e+06
2.658146000000000000e+06
5.189726000000000000e+06
1.092826200000000000e+07
2.048607200000000000e+07
2.205787000000000000e+07
2.005864900000000000e+07
1.600478500000000000e+07
1.297471900000000000e+07
9.689854000000000000e+06
6.859159000000000000e+06
5.051674000000000000e+06
3.718083000000000000e+06
2.642778000000000000e+06
2.040976000000000000e+06
1.579822000000000000e+06
1.209921000000000000e+06
9.259220000000000000e+05
7.055130000000000000e+05
6.345270000000000000e+05
5.400770000000000000e+05
3.828760000000000000e+05
3.742310000000000000e+05
3.365340000000000000e+05
2.921210000000000000e+05
2.469160000000000000e+05
2.536030000000000000e+05
2.036580000000000000e+05
2.350620000000000000e+05
1.832370000000000000e+05
1.430830000000000000e+05
1.231290000000000000e+05
1.353000000000000000e+05
1.410930000000000000e+05
1.288660000000000000e+05
1.122170000000000000e+05
1.281910000000000000e+05
8.978000000000000000e+04
1.222500000000000000e+05
1.102060000000000000e+05
8.626600000000000000e+04
1.307970000000000000e+05
6.959900000000000000e+04
9.935100000000000000e+04
7.128800000000000000e+04
6.344000000000000000e+04
4.544300000000000000e+04
7.420200000000000000e+04
6.891700000000000000e+04
5.483000000000000000e+04
4.578500000000000000e+04
6.008500000000000000e+04
6.375700000000000000e+04
4.127300000000000000e+04
5.927300000000000000e+04
3.358100000000000000e+04
4.774000000000000000e+04
3.832800000000000000e+04
4.396300000000000000e+04
3.681200000000000000e+04
3.339500000000000000e+04
2.684200000000000000e+04
3.620100000000000000e+04
2.729000000000000000e+04
3.602100000000000000e+04
3.705600000000000000e+04
2.700300000000000000e+04
2.385400000000000000e+04
1.468100000000000000e+04
2.478300000000000000e+04
1.808100000000000000e+04
2.507800000000000000e+04
1.858000000000000000e+04
1.842900000000000000e+04
1.150900000000000000e+04
2.886800000000000000e+04
1.030300000000000000e+04
1.109700000000000000e+04
3.608100000000000000e+04
2.626900000000000000e+04
1.338000000000000000e+04
1.299500000000000000e+04
1.128500000000000000e+04
1.318900000000000000e+04
1.999900000000000000e+04
1.859900000000000000e+04
1.660200000000000000e+04
8.956000000000000000e+03
8.172000000000000000e+03
1.229700000000000000e+04
5.829000000000000000e+03
9.881000000000000000e+03
2.641600000000000000e+04
5.976000000000000000e+03
8.852000000000000000e+03
7.075000000000000000e+03
8.542000000000000000e+03
6.913000000000000000e+03
1.416100000000000000e+04
7.503000000000000000e+03
4.058000000000000000e+03
3.595000000000000000e+03
8.854000000000000000e+03
4.924000000000000000e+03
1.033900000000000000e+04
1.296900000000000000e+04
7.910000000000000000e+03
6.687000000000000000e+03
4.111000000000000000e+03
1.500600000000000000e+04
3.728000000000000000e+03
7.858000000000000000e+03
2.716000000000000000e+03
2.805000000000000000e+03
6.369000000000000000e+03
6.442000000000000000e+03
2.924000000000000000e+03
4.066000000000000000e+03
4.790000000000000000e+03
5.608000000000000000e+03
1.016600000000000000e+04
7.116000000000000000e+03
5.336000000000000000e+03
4.734000000000000000e+03
7.272000000000000000e+03
9.722000000000000000e+03
4.090000000000000000e+03
3.223000000000000000e+03
3.805000000000000000e+03
8.164000000000000000e+03
7.932000000000000000e+03
1.532800000000000000e+04
7.299000000000000000e+03
3.380000000000000000e+03
7.243000000000000000e+03
1.455000000000000000e+03
1.565000000000000000e+03
4.132000000000000000e+03
4.773000000000000000e+03
4.087000000000000000e+03
1.594000000000000000e+03
3.866000000000000000e+03
2.440000000000000000e+02
1.279000000000000000e+03
2.285000000000000000e+03
1.771000000000000000e+03
3.094000000000000000e+03
2.706000000000000000e+03
2.355000000000000000e+03
4.350000000000000000e+03
1.718000000000000000e+03
3.490000000000000000e+03
3.568000000000000000e+03
4.097000000000000000e+03
4.114000000000000000e+03
2.370000000000000000e+03
3.630000000000000000e+02
1.794000000000000000e+03
4.540000000000000000e+03
4.162000000000000000e+03
1.754000000000000000e+03
1.436000000000000000e+03
1.632000000000000000e+03
6.750000000000000000e+02
1.709000000000000000e+03
2.099000000000000000e+03
1.460000000000000000e+02
6.015000000000000000e+03
4.890000000000000000e+02
3.854000000000000000e+03
0.000000000000000000e+00
2.058000000000000000e+03
1.695000000000000000e+03
3.425000000000000000e+03
3.070000000000000000e+02
9.960000000000000000e+02
5.420000000000000000e+02
4.670000000000000000e+02
2.001000000000000000e+03
1.591000000000000000e+03
5.120000000000000000e+02
8.540000000000000000e+02
9.670000000000000000e+02
1.045000000000000000e+03
1.117000000000000000e+03
2.000000000000000000e+00
2.198000000000000000e+03
2.286000000000000000e+03
0.000000000000000000e+00
7.310000000000000000e+02
1.402000000000000000e+03
0.000000000000000000e+00
9.900000000000000000e+02
0.000000000000000000e+00
7.050000000000000000e+02
1.832000000000000000e+03
1.025000000000000000e+03
7.530000000000000000e+02
2.830000000000000000e+02
1.315000000000000000e+03
1.429000000000000000e+03
3.700000000000000000e+02
1.923000000000000000e+03
1.360000000000000000e+02
0.000000000000000000e+00
1.850000000000000000e+02
1.190000000000000000e+02
2.780000000000000000e+02
0.000000000000000000e+00
3.090000000000000000e+02
5.200000000000000000e+02
1.087000000000000000e+03
1.105000000000000000e+03
0.000000000000000000e+00
1.920000000000000000e+03
4.010000000000000000e+02
0.000000000000000000e+00
9.890000000000000000e+02
1.883000000000000000e+03
0.000000000000000000e+00
2.181000000000000000e+03
0.000000000000000000e+00
7.175000000000000000e+03
1.439000000000000000e+03
1.810000000000000000e+03
1.206000000000000000e+03
1.143700000000000000e+04
0.000000000000000000e+00
0.000000000000000000e+00
1.023000000000000000e+03
0.000000000000000000e+00
9.300000000000000000e+02
0.000000000000000000e+00
8.210000000000000000e+02
1.800000000000000000e+02
0.000000000000000000e+00
5.550000000000000000e+02
0.000000000000000000e+00
0.000000000000000000e+00
0.000000000000000000e+00
7.060000000000000000e+02
1.134000000000000000e+03
0.000000000000000000e+00
0.000000000000000000e+00
1.136000000000000000e+03
0.000000000000000000e+00
1.920000000000000000e+02
0.000000000000000000e+00
3.870000000000000000e+02
5.067000000000000000e+03
